% Gauss-Legendre quadrature weights and values x in [-1;1] data taken from
% https://pomax.github.io/bezierinfo/legendre-gauss.html#n20
% Precision only 15 original data - 16 xN = [weight x_i]

x5 = [0.5688888888888889	0.0000000000000000
0.4786286704993665	-0.5384693101056831
0.4786286704993665	0.5384693101056831
0.2369268850561891	-0.9061798459386640
0.2369268850561891	0.9061798459386640];

x7 = [0.4179591836734694	0.0000000000000000
0.3818300505051189	0.4058451513773972
0.3818300505051189	-0.4058451513773972
0.2797053914892766	-0.7415311855993945
0.2797053914892766	0.7415311855993945
0.1294849661688697	-0.9491079123427585
0.1294849661688697	0.9491079123427585];

x10 = [0.2955242247147529	-0.1488743389816312
0.2955242247147529	0.1488743389816312
0.2692667193099963	-0.4333953941292472
0.2692667193099963	0.4333953941292472
0.2190863625159820	-0.6794095682990244
0.2190863625159820	0.6794095682990244
0.1494513491505806	-0.8650633666889845
0.1494513491505806	0.8650633666889845
0.0666713443086881	-0.9739065285171717
0.0666713443086881	0.9739065285171717];

x15 = [0.2025782419255613	0.0000000000000000
0.1984314853271116	-0.2011940939974345
0.1984314853271116	0.2011940939974345
0.1861610000155622	-0.3941513470775634
0.1861610000155622	0.3941513470775634
0.1662692058169939	-0.5709721726085388
0.1662692058169939	0.5709721726085388
0.1395706779261543	-0.7244177313601701
0.1395706779261543	0.7244177313601701
0.1071592204671719	-0.8482065834104272
0.1071592204671719	0.8482065834104272
0.0703660474881081	-0.9372733924007060
0.0703660474881081	0.9372733924007060
0.0307532419961173	-0.9879925180204854
0.0307532419961173	0.9879925180204854];

x20 = [0.1527533871307258	-0.0765265211334973
0.1527533871307258	0.0765265211334973
0.1491729864726037	-0.2277858511416451
0.1491729864726037	0.2277858511416451
0.1420961093183820	-0.3737060887154195
0.1420961093183820	0.3737060887154195
0.1316886384491766	-0.5108670019508271
0.1316886384491766	0.5108670019508271
0.1181945319615184	-0.6360536807265150
0.1181945319615184	0.6360536807265150
0.1019301198172404	-0.7463319064601508
0.1019301198172404	0.7463319064601508
0.0832767415767048	-0.8391169718222188
0.0832767415767048	0.8391169718222188
0.0626720483341091	-0.9122344282513259
0.0626720483341091	0.9122344282513259
0.0406014298003869	-0.9639719272779138
0.0406014298003869	0.9639719272779138
0.0176140071391521	-0.9931285991850949
0.0176140071391521	0.9931285991850949];

x25 = [0.1231760537267154	0.0000000000000000
0.1222424429903100	-0.1228646926107104
0.1222424429903100	0.1228646926107104
0.1194557635357848	-0.2438668837209884
0.1194557635357848	0.2438668837209884
0.1148582591457116	-0.3611723058093879
0.1148582591457116	0.3611723058093879
0.1085196244742637	-0.4730027314457150
0.1085196244742637	0.4730027314457150
0.1005359490670506	-0.5776629302412229
0.1005359490670506	0.5776629302412229
0.0910282619829637	-0.6735663684734684
0.0910282619829637	0.6735663684734684
0.0801407003350010	-0.7592592630373576
0.0801407003350010	0.7592592630373576
0.0680383338123569	-0.8334426287608340
0.0680383338123569	0.8334426287608340
0.0549046959758352	-0.8949919978782753
0.0549046959758352	0.8949919978782753
0.0409391567013063	-0.9429745712289743
0.0409391567013063	0.9429745712289743
0.0263549866150321	-0.9766639214595175
0.0263549866150321	0.9766639214595175
0.0113937985010263	-0.9955569697904981
0.0113937985010263	0.9955569697904981];

x30 = [0.1028526528935588	-0.0514718425553177
0.1028526528935588	0.0514718425553177
0.1017623897484055	-0.1538699136085835
0.1017623897484055	0.1538699136085835
0.0995934205867953	-0.2546369261678899
0.0995934205867953	0.2546369261678899
0.0963687371746443	-0.3527047255308781
0.0963687371746443	0.3527047255308781
0.0921225222377861	-0.4470337695380892
0.0921225222377861	0.4470337695380892
0.0868997872010830	-0.5366241481420199
0.0868997872010830	0.5366241481420199
0.0807558952294202	-0.6205261829892429
0.0807558952294202	0.6205261829892429
0.0737559747377052	-0.6978504947933158
0.0737559747377052	0.6978504947933158
0.0659742298821805	-0.7677774321048262
0.0659742298821805	0.7677774321048262
0.0574931562176191	-0.8295657623827684
0.0574931562176191	0.8295657623827684
0.0484026728305941	-0.8825605357920527
0.0484026728305941	0.8825605357920527
0.0387991925696271	-0.9262000474292743
0.0387991925696271	0.9262000474292743
0.0287847078833234	-0.9600218649683075
0.0287847078833234	0.9600218649683075
0.0184664683110910	-0.9836681232797472
0.0184664683110910	0.9836681232797472
0.0079681924961666	-0.9968934840746495
0.0079681924961666	0.9968934840746495];


x35 = [0.0884867949071043	0.0000000000000000
0.0881405304302755	-0.0883713432756593
0.0881405304302755	0.0883713432756593
0.0871044469971835	-0.1760510611659896
0.0871044469971835	0.1760510611659896
0.0853866533920991	-0.2623529412092960
0.0853866533920991	0.2623529412092960
0.0830005937288566	-0.3466015544308139
0.0830005937288566	0.3466015544308139
0.0799649422423243	-0.4281375415178142
0.0799649422423243	0.4281375415178142
0.0763034571554421	-0.5063227732414887
0.0763034571554421	0.5063227732414887
0.0720447947725601	-0.5805453447497645
0.0720447947725601	0.5805453447497645
0.0672222852690869	-0.6502243646658904
0.0672222852690869	0.6502243646658904
0.0618736719660802	-0.7148145015566287
0.0618736719660802	0.7148145015566287
0.0560408162123701	-0.7738102522869126
0.0560408162123701	0.7738102522869126
0.0497693704013535	-0.8267498990922254
0.0497693704013535	0.8267498990922254
0.0431084223261702	-0.8732191250252224
0.0431084223261702	0.8732191250252224
0.0361101158634634	-0.9128542613593176
0.0361101158634634	0.9128542613593176
0.0288292601088943	-0.9453451482078273
0.0288292601088943	0.9453451482078273
0.0213229799114836	-0.9704376160392298
0.0213229799114836	0.9704376160392298
0.0136508283483615	-0.9879357644438514
0.0136508283483615	0.9879357644438514
0.0058834334204431	-0.9977065690996003
0.0058834334204431	0.9977065690996003];

x40 =[0.0775059479784248	-0.0387724175060508
0.0775059479784248	0.0387724175060508
0.0770398181642480	-0.1160840706752552
0.0770398181642480	0.1160840706752552
0.0761103619006262	-0.1926975807013711
0.0761103619006262	0.1926975807013711
0.0747231690579683	-0.2681521850072537
0.0747231690579683	0.2681521850072537
0.0728865823958041	-0.3419940908257585
0.0728865823958041	0.3419940908257585
0.0706116473912868	-0.4137792043716050
0.0706116473912868	0.4137792043716050
0.0679120458152339	-0.4830758016861787
0.0679120458152339	0.4830758016861787
0.0648040134566010	-0.5494671250951282
0.0648040134566010	0.5494671250951282
0.0613062424929289	-0.6125538896679802
0.0613062424929289	0.6125538896679802
0.0574397690993916	-0.6719566846141796
0.0574397690993916	0.6719566846141796
0.0532278469839368	-0.7273182551899271
0.0532278469839368	0.7273182551899271
0.0486958076350722	-0.7783056514265194
0.0486958076350722	0.7783056514265194
0.0438709081856733	-0.8246122308333117
0.0438709081856733	0.8246122308333117
0.0387821679744720	-0.8659595032122595
0.0387821679744720	0.8659595032122595
0.0334601952825478	-0.9020988069688743
0.0334601952825478	0.9020988069688743
0.0279370069800234	-0.9328128082786765
0.0279370069800234	0.9328128082786765
0.0222458491941670	-0.9579168192137917
0.0222458491941670	0.9579168192137917
0.0164210583819079	-0.9772599499837743
0.0164210583819079	0.9772599499837743
0.0104982845311528	-0.9907262386994570
0.0104982845311528	0.9907262386994570
0.0045212770985332	-0.9982377097105593
0.0045212770985332	0.9982377097105593];


